./input/MyInstancesSameToolSets/n=212,p=0.75,r=0.4,t=1390,v8.csv;./input/Processed/ToolSetInt.csv
6;720;1440
Machine: 0
151;0;0;17;0;87,89,95,97,137,144,177,178,179,180,181,182,183,184,225,245,262,272,302,304,305,306,307,311,312,313,314,323,354,355,356,357,376,377,378,379,380,381,382,383,384,385,386,387,388,389,395,442,446,592,593,594,595,596,663,714,762,764,765,1032,1033,1034,1035,1036,1037,1038,1039,1040,1044,1128,1129,1130,1131,1132,1137,1144,1379,1380,1396,1458,
10;0;17;174;1;87,89,95,97,137,144,177,178,179,180,181,182,183,184,225,245,262,272,302,304,305,306,307,311,312,313,314,323,354,355,356,357,376,377,378,379,380,381,382,383,384,385,386,387,388,389,395,442,446,592,593,594,595,596,663,714,762,764,765,1032,1033,1034,1035,1036,1037,1038,1039,1040,1044,1128,1129,1130,1131,1132,1137,1144,1379,1380,1396,1458,
23;1;174;208;1;87,89,95,97,137,144,177,178,179,180,181,182,183,184,225,245,262,272,302,304,305,306,307,311,312,313,314,323,354,355,356,357,376,377,378,379,380,381,382,383,384,385,386,387,388,389,395,442,446,592,593,594,595,596,663,714,762,764,765,1032,1033,1034,1035,1036,1037,1038,1039,1040,1044,1128,1129,1130,1131,1132,1137,1144,1379,1380,1396,1458,
16;1;208;242;1;87,89,95,97,137,144,177,178,179,180,181,182,183,184,225,245,262,272,302,304,305,306,307,311,312,313,314,323,354,355,356,357,376,377,378,379,380,381,382,383,384,385,386,387,388,389,395,442,446,592,593,594,595,596,663,714,762,764,765,1032,1033,1034,1035,1036,1037,1038,1039,1040,1044,1128,1129,1130,1131,1132,1137,1144,1379,1380,1396,1458,
21;0;242;247;1;87,89,95,97,137,144,177,178,179,180,181,182,183,184,225,245,262,272,302,304,305,306,307,311,312,313,314,323,354,355,356,357,376,377,378,379,380,381,382,383,384,385,386,387,388,389,395,442,446,592,593,594,595,596,663,714,762,764,765,1032,1033,1034,1035,1036,1037,1038,1039,1040,1044,1128,1129,1130,1131,1132,1137,1144,1379,1380,1396,1458,
137;0;247;385;0;87,89,95,97,137,144,177,178,179,180,181,182,183,184,225,245,262,272,302,304,305,306,307,311,312,313,314,323,354,355,356,357,376,377,378,379,380,381,382,383,384,385,386,387,388,389,395,442,446,592,593,594,595,596,663,714,762,764,765,1032,1033,1034,1035,1036,1037,1038,1039,1040,1044,1128,1129,1130,1131,1132,1137,1144,1379,1380,1396,1458,
133;0;385;436;0;87,89,95,97,137,144,177,178,179,180,181,182,183,184,225,245,262,272,302,304,305,306,307,311,312,313,314,323,354,355,356,357,376,377,378,379,380,381,382,383,384,385,386,387,388,389,395,442,446,592,593,594,595,596,663,714,762,764,765,1032,1033,1034,1035,1036,1037,1038,1039,1040,1044,1128,1129,1130,1131,1132,1137,1144,1379,1380,1396,1458,
146;0;436;457;0;87,89,95,97,137,144,177,178,179,180,181,182,183,184,225,245,262,272,302,304,305,306,307,311,312,313,314,323,354,355,356,357,376,377,378,379,380,381,382,383,384,385,386,387,388,389,395,442,446,592,593,594,595,596,663,714,762,764,765,1032,1033,1034,1035,1036,1037,1038,1039,1040,1044,1128,1129,1130,1131,1132,1137,1144,1379,1380,1396,1458,
98;0;457;594;1;87,89,95,97,137,144,177,178,179,180,181,182,183,184,225,245,262,272,302,304,305,306,307,311,312,313,314,323,354,355,356,357,376,377,378,379,380,381,382,383,384,385,386,387,388,389,395,442,446,592,593,594,595,596,663,714,762,764,765,1032,1033,1034,1035,1036,1037,1038,1039,1040,1044,1128,1129,1130,1131,1132,1137,1144,1379,1380,1396,1458,
16;0;594;750;1;87,89,95,97,137,144,177,178,179,180,181,182,183,184,225,245,262,272,302,304,305,306,307,311,312,313,314,323,354,355,356,357,376,377,378,379,380,381,382,383,384,385,386,387,388,389,395,442,446,592,593,594,595,596,663,714,762,764,765,1032,1033,1034,1035,1036,1037,1038,1039,1040,1044,1128,1129,1130,1131,1132,1137,1144,1379,1380,1396,1458,
17;0;750;860;1;87,89,95,97,137,144,177,178,179,180,181,182,183,184,225,245,262,272,302,304,305,306,307,311,312,313,314,323,354,355,356,357,376,377,378,379,380,381,382,383,384,385,386,387,388,389,395,442,446,592,593,594,595,596,663,714,762,764,765,1032,1033,1034,1035,1036,1037,1038,1039,1040,1044,1128,1129,1130,1131,1132,1137,1144,1379,1380,1396,1458,
40;1;860;902;1;87,89,95,97,137,144,177,178,179,180,181,182,183,184,225,245,262,272,302,304,305,306,307,311,312,313,314,323,354,355,356,357,376,377,378,379,380,381,382,383,384,385,386,387,388,389,395,442,446,592,593,594,595,596,663,714,762,764,765,1032,1033,1034,1035,1036,1037,1038,1039,1040,1044,1128,1129,1130,1131,1132,1137,1144,1379,1380,1396,1458,
85;0;902;1011;1;87,89,95,97,137,144,177,178,179,180,181,182,183,184,225,245,262,272,302,304,305,306,307,311,312,313,314,323,354,355,356,357,376,377,378,379,380,381,382,383,384,385,386,387,388,389,395,442,446,592,593,594,595,596,663,714,762,764,765,1032,1033,1034,1035,1036,1037,1038,1039,1040,1044,1128,1129,1130,1131,1132,1137,1144,1379,1380,1396,1458,
50;1;1011;1123;1;87,89,95,97,137,144,177,178,179,180,181,182,183,184,225,245,262,272,302,304,305,306,307,311,312,313,314,323,354,355,356,357,376,377,378,379,380,381,382,383,384,385,386,387,388,389,395,442,446,592,593,594,595,596,663,714,762,764,765,1032,1033,1034,1035,1036,1037,1038,1039,1040,1044,1128,1129,1130,1131,1132,1137,1144,1379,1380,1396,1458,
147;1;1123;1135;0;87,89,95,97,137,144,177,178,179,180,181,182,183,184,225,245,262,272,302,304,305,306,307,311,312,313,314,323,354,355,356,357,376,377,378,379,380,381,382,383,384,385,386,387,388,389,395,442,446,592,593,594,595,596,663,714,762,764,765,1032,1033,1034,1035,1036,1037,1038,1039,1040,1044,1128,1129,1130,1131,1132,1137,1144,1379,1380,1396,1458,
105;0;1135;1228;1;87,89,95,97,137,144,177,178,179,180,181,182,183,184,225,245,262,272,302,304,305,306,307,311,312,313,314,323,354,355,356,357,376,377,378,379,380,381,382,383,384,385,386,387,388,389,395,442,446,592,593,594,595,596,663,714,762,764,765,1032,1033,1034,1035,1036,1037,1038,1039,1040,1044,1128,1129,1130,1131,1132,1137,1144,1379,1380,1396,1458,
65;0;1228;1329;1;87,89,95,97,137,144,177,178,179,180,181,182,183,184,225,245,262,272,302,304,305,306,307,311,312,313,314,323,354,355,356,357,376,377,378,379,380,381,382,383,384,385,386,387,388,389,395,442,446,592,593,594,595,596,663,714,762,764,765,1032,1033,1034,1035,1036,1037,1038,1039,1040,1044,1128,1129,1130,1131,1132,1137,1144,1379,1380,1396,1458,
146;1;1329;1356;0;87,89,95,97,137,144,177,178,179,180,181,182,183,184,225,245,262,272,302,304,305,306,307,311,312,313,314,323,354,355,356,357,376,377,378,379,380,381,382,383,384,385,386,387,388,389,395,442,446,592,593,594,595,596,663,714,762,764,765,1032,1033,1034,1035,1036,1037,1038,1039,1040,1044,1128,1129,1130,1131,1132,1137,1144,1379,1380,1396,1458,
113;0;1356;1429;1;87,89,95,97,137,144,177,178,179,180,181,182,183,184,225,245,262,272,302,304,305,306,307,311,312,313,314,323,354,355,356,357,376,377,378,379,380,381,382,383,384,385,386,387,388,389,395,442,446,592,593,594,595,596,663,714,762,764,765,1032,1033,1034,1035,1036,1037,1038,1039,1040,1044,1128,1129,1130,1131,1132,1137,1144,1379,1380,1396,1458,
126;0;1429;1481;0;87,89,95,97,137,144,177,178,179,180,181,182,183,184,225,245,262,272,302,304,305,306,307,311,312,313,314,323,354,355,356,357,376,377,378,379,380,381,382,383,384,385,386,387,388,389,395,442,446,592,593,594,595,596,663,714,762,764,765,1032,1033,1034,1035,1036,1037,1038,1039,1040,1044,1128,1129,1130,1131,1132,1137,1144,1379,1380,1396,1458,
84;0;1481;1550;1;87,89,95,97,137,144,177,178,179,180,181,182,183,184,225,245,262,272,302,304,305,306,307,311,312,313,314,323,354,355,356,357,376,377,378,379,380,381,382,383,384,385,386,387,388,389,395,442,446,592,593,594,595,596,663,714,762,764,765,1032,1033,1034,1035,1036,1037,1038,1039,1040,1044,1128,1129,1130,1131,1132,1137,1144,1379,1380,1396,1458,
2;0;1550;1625;1;87,89,95,97,137,144,177,178,179,180,181,182,183,184,225,245,262,272,302,304,305,306,307,311,312,313,314,323,354,355,356,357,376,377,379,380,381,382,383,384,385,386,387,388,389,395,442,592,593,594,595,596,663,714,762,764,765,768,769,771,1032,1033,1034,1035,1036,1037,1038,1039,1040,1044,1045,1046,1128,1129,1130,1131,1132,1137,1144,1380,
23;0;1625;1702;1;87,89,95,97,137,144,177,178,179,180,181,182,183,184,225,245,262,272,302,304,305,306,307,311,312,313,314,323,354,355,356,357,376,377,379,380,381,382,383,384,385,386,387,388,389,395,442,592,593,594,595,596,663,714,762,764,765,768,769,771,1032,1033,1034,1035,1036,1037,1038,1039,1040,1044,1045,1046,1128,1129,1130,1131,1132,1137,1144,1380,
19;1;1702;1846;1;4,87,88,89,90,95,97,137,144,177,178,179,180,181,182,183,184,225,245,262,272,276,302,304,305,306,307,311,312,313,314,323,337,379,380,381,382,383,384,385,386,387,388,389,395,442,592,593,594,595,596,663,762,763,764,765,768,769,771,831,858,862,944,1039,1040,1128,1129,1130,1131,1132,1137,1144,1198,1199,1200,1201,1202,1203,1214,1380,
19;0;1846;1890;1;4,87,88,89,90,95,97,137,144,177,178,179,180,181,182,183,184,225,245,262,272,276,302,304,305,306,307,311,312,313,314,323,337,379,380,381,382,383,384,385,386,387,388,389,395,442,592,593,594,595,596,663,762,763,764,765,768,769,771,831,858,862,944,1039,1040,1128,1129,1130,1131,1132,1137,1144,1198,1199,1200,1201,1202,1203,1214,1380,
40;0;1890;2040;1;4,87,88,89,90,95,97,137,144,177,178,179,180,181,182,183,184,225,245,262,272,276,302,304,305,306,307,311,312,313,314,323,337,379,380,381,382,383,384,385,386,387,388,389,395,442,592,593,594,595,596,663,762,763,764,765,768,769,771,831,858,862,944,1039,1040,1128,1129,1130,1131,1132,1137,1144,1198,1199,1200,1201,1202,1203,1214,1380,
78;0;2040;2167;1;4,87,88,89,90,95,97,137,144,177,178,179,180,181,182,183,184,225,245,262,272,276,302,304,305,306,307,311,312,313,314,323,337,379,380,381,382,383,384,385,386,387,388,389,395,442,592,593,594,595,596,663,762,763,764,765,768,769,771,831,858,862,944,1039,1040,1128,1129,1130,1131,1132,1137,1144,1198,1199,1200,1201,1202,1203,1214,1380,
80;0;2167;2260;1;4,87,88,89,90,95,97,137,144,177,178,179,180,181,182,183,184,225,245,262,272,276,302,304,305,306,307,311,312,313,314,323,337,379,380,381,382,383,384,385,386,387,388,389,395,442,592,593,594,595,596,663,762,763,764,765,768,769,771,831,858,862,944,1039,1040,1128,1129,1130,1131,1132,1137,1144,1198,1199,1200,1201,1202,1203,1214,1380,
54;0;2880;2935;1;4,87,88,89,90,95,97,137,144,177,178,179,180,181,182,183,184,225,245,262,272,273,276,302,304,305,306,307,309,311,312,313,314,323,337,379,380,381,382,383,384,385,386,387,388,395,442,592,594,595,762,763,764,765,768,769,771,831,858,862,944,1039,1048,1128,1129,1130,1131,1132,1135,1136,1137,1159,1198,1199,1200,1201,1202,1203,1214,1380,
72;1;2935;3046;1;4,87,88,89,90,95,137,144,149,177,178,179,180,181,182,183,184,225,245,262,272,273,276,302,304,307,308,312,313,314,337,380,381,390,391,395,442,592,594,595,762,763,764,765,768,769,771,831,838,858,862,891,938,944,1117,1145,1146,1147,1148,1163,1164,1165,1166,1167,1168,1169,1170,1171,1172,1173,1174,1175,1176,1177,1198,1199,1200,1201,1202,1203,
103;0;3046;3080;1;4,87,88,89,90,95,137,144,149,177,178,179,184,225,245,262,272,273,276,302,307,308,313,314,337,380,381,390,391,395,442,592,594,595,762,763,764,765,766,768,769,771,773,831,838,844,858,862,891,938,944,1041,1042,1043,1117,1145,1146,1147,1148,1163,1164,1165,1166,1167,1168,1169,1170,1171,1172,1173,1174,1175,1176,1177,1198,1199,1200,1201,1202,1203,
72;0;3080;3153;1;4,87,88,89,90,95,137,144,149,177,178,179,184,225,245,262,272,273,276,302,307,308,313,314,337,380,381,390,391,395,442,592,594,595,762,763,764,765,766,768,769,771,773,831,838,844,858,862,891,938,944,1041,1042,1043,1117,1145,1146,1147,1148,1163,1164,1165,1166,1167,1168,1169,1170,1171,1172,1173,1174,1175,1176,1177,1198,1199,1200,1201,1202,1203,
31;0;3153;3288;1;4,87,88,89,90,95,102,137,144,149,177,178,179,184,225,245,262,272,273,276,302,307,308,313,314,337,341,380,381,390,391,395,442,583,584,585,586,587,588,589,590,591,592,594,595,762,763,764,765,766,768,769,771,773,831,838,844,858,862,891,938,944,1041,1042,1043,1117,1145,1146,1147,1148,1163,1164,1165,1174,1198,1199,1200,1201,1202,1203,
134;1;3288;3300;0;4,87,88,89,90,95,102,137,144,149,177,178,179,184,225,245,262,272,273,276,302,307,308,313,314,337,341,380,381,390,391,395,442,583,584,585,586,587,588,589,590,591,592,594,595,762,763,764,765,766,768,769,771,773,831,838,844,858,862,891,938,944,1041,1042,1043,1117,1145,1146,1147,1148,1163,1164,1165,1174,1198,1199,1200,1201,1202,1203,
102;0;3300;3405;1;4,24,38,87,88,89,90,95,102,137,144,149,177,178,179,184,189,225,245,262,272,273,276,302,307,308,313,314,337,341,380,381,390,391,395,442,588,592,594,595,762,763,764,765,766,768,769,771,773,787,831,838,844,858,862,871,872,873,874,875,876,877,878,879,880,891,938,944,1041,1042,1043,1117,1145,1146,1147,1148,1174,1198,1199,1200,
103;1;3405;3439;1;4,24,38,87,88,89,90,95,102,137,144,149,177,178,179,184,189,225,245,262,272,273,276,302,307,308,313,314,337,341,380,381,390,391,395,442,588,592,594,595,762,763,764,765,766,768,769,771,773,787,831,838,844,858,862,871,872,873,874,875,876,877,878,879,880,891,938,944,1041,1042,1043,1117,1145,1146,1147,1148,1174,1198,1199,1200,
13;0;3439;3481;1;4,5,24,38,87,88,89,90,95,102,137,144,149,177,178,179,184,189,225,245,262,272,273,276,301,302,307,308,313,314,337,341,380,381,390,391,394,395,442,588,592,594,595,762,763,764,765,766,768,769,771,773,787,831,838,844,858,862,871,872,873,874,875,891,938,944,948,1043,1053,1117,1145,1146,1147,1148,1149,1150,1151,1174,1198,1199,
83;0;3481;3644;1;4,24,38,87,88,89,90,95,102,144,149,177,178,179,184,189,225,245,262,272,273,276,302,307,308,313,314,337,341,380,381,390,391,394,395,442,592,594,595,762,763,764,765,766,767,768,769,770,771,772,773,787,831,833,834,835,836,844,854,855,862,863,871,872,873,875,944,945,946,947,948,949,950,951,952,953,1043,1053,1117,1146,
49;0;4320;4373;1;4,24,38,87,88,89,90,95,102,144,149,177,178,179,184,189,225,245,259,260,262,272,273,276,302,307,308,313,314,337,341,380,381,390,391,394,395,442,592,594,595,762,763,764,765,766,767,768,769,770,771,772,773,787,831,833,834,835,836,844,854,855,862,863,871,872,873,875,944,945,946,947,948,949,950,951,1043,1053,1117,1146,
67;0;4373;4382;1;4,24,38,87,88,89,90,94,95,104,140,144,178,184,189,225,245,260,262,272,273,276,302,307,308,313,314,337,341,349,380,390,391,394,395,442,693,762,763,764,765,766,767,768,769,770,772,773,787,831,833,834,835,844,854,855,863,944,945,946,947,948,949,1019,1020,1021,1022,1023,1024,1025,1026,1027,1028,1029,1030,1031,1043,1053,1117,1146,
128;1;4382;4500;0;4,24,38,87,88,89,90,94,95,104,140,144,178,184,189,225,245,260,262,272,273,276,302,307,308,313,314,337,341,349,380,390,391,394,395,442,693,762,763,764,765,766,767,768,769,770,772,773,787,831,833,834,835,844,854,855,863,944,945,946,947,948,949,1019,1020,1021,1022,1023,1024,1025,1026,1027,1028,1029,1030,1031,1043,1053,1117,1146,
77;0;4500;4586;1;4,24,38,87,88,89,90,94,95,104,142,144,178,184,189,225,226,230,241,245,262,272,273,276,302,307,308,313,314,337,341,349,380,390,391,392,393,394,395,396,397,398,399,400,401,402,403,404,405,442,762,763,764,765,766,767,768,769,770,772,773,787,831,833,834,835,844,854,855,863,944,945,946,947,948,1019,1043,1053,1117,1146,
94;0;4586;4655;1;2,4,24,38,87,88,89,90,94,95,144,178,184,189,225,231,245,262,272,273,276,302,307,308,313,314,329,337,341,349,380,390,392,393,394,398,400,442,640,647,762,763,764,765,766,767,769,770,773,787,833,834,835,844,854,855,863,933,944,945,946,947,948,1019,1043,1053,1093,1116,1117,1118,1119,1120,1121,1122,1123,1124,1125,1126,1127,1146,
93;0;4655;4732;1;2,4,24,38,87,88,89,90,94,95,144,178,184,189,225,231,245,262,272,273,276,302,307,308,313,314,329,337,341,349,380,390,392,393,394,398,400,442,715,762,763,764,765,766,767,769,770,773,787,833,834,835,844,854,855,863,944,945,946,947,948,1019,1043,1053,1072,1093,1116,1146,1442,1443,1444,1446,1448,1449,1450,1451,1453,1454,1455,1459,
143;0;4732;4742;0;4,24,38,87,88,89,90,94,95,144,145,148,178,184,189,225,228,229,231,233,234,245,261,262,265,266,267,268,269,270,271,272,273,274,275,276,277,302,307,308,313,329,337,341,349,380,390,392,393,394,398,400,442,715,762,763,764,765,766,767,769,770,773,787,833,834,835,844,863,944,945,946,947,948,1019,1043,1053,1146,1442,1443,
69;0;4742;4787;1;4,24,38,88,89,95,144,145,178,184,189,225,228,229,234,245,262,266,267,268,272,273,274,275,276,287,289,302,303,307,308,329,337,341,349,380,390,392,393,394,398,434,442,762,763,764,765,766,767,769,773,787,834,844,902,903,904,905,921,922,936,940,944,945,946,947,948,1019,1043,1053,1146,1204,1205,1206,1207,1208,1209,1210,1211,1212,
53;0;4787;4965;1;4,24,38,88,89,95,144,145,178,184,189,225,228,229,234,245,262,266,267,268,272,273,274,275,276,287,289,302,303,307,308,329,337,341,349,380,390,392,393,394,398,434,442,670,762,763,764,765,766,767,769,773,787,834,844,852,853,902,903,904,905,921,922,936,944,945,946,947,948,1019,1043,1053,1073,1146,1352,1353,1354,1355,1356,1357,
136;0;4965;5025;0;4,24,38,88,89,95,144,145,178,184,189,225,228,229,234,245,262,266,267,268,272,273,274,275,276,285,287,288,290,292,302,303,307,308,329,337,341,349,351,380,390,392,393,394,398,429,430,431,432,433,434,435,436,437,438,439,440,441,442,443,444,445,762,763,764,765,766,767,769,773,787,834,844,944,945,946,947,948,1053,1146,
33;1;5025;5138;1;4,7,8,24,38,88,89,95,144,145,178,184,189,225,228,229,234,245,262,266,267,268,272,273,274,275,276,285,287,288,290,292,302,303,307,308,329,337,341,349,351,380,390,392,393,394,398,429,430,431,432,433,434,435,436,762,763,764,765,766,767,769,773,787,834,844,944,945,946,947,948,1049,1050,1051,1052,1053,1054,1057,1059,1146,
149;1;5760;5915;0;4,7,8,24,38,88,89,95,144,156,178,184,189,225,228,229,234,245,262,272,276,290,302,303,307,308,329,337,341,349,351,380,390,392,393,394,398,415,448,474,510,551,609,762,763,764,765,766,767,769,773,787,816,962,995,1049,1050,1051,1052,1053,1054,1057,1059,1146,1336,1337,1338,1339,1340,1341,1342,1343,1344,1345,1346,1347,1348,1349,1350,1351,
62;0;5915;5981;1;4,7,8,15,19,20,24,35,37,38,41,45,56,65,88,89,95,144,156,178,184,189,225,228,229,234,245,262,272,276,279,290,302,303,307,308,329,337,341,349,351,380,390,392,393,394,398,415,448,474,510,551,609,651,652,653,654,655,656,657,762,763,764,765,766,767,769,773,787,962,995,1049,1050,1051,1052,1053,1054,1057,1059,1146,
38;0;5981;6059;1;4,7,8,15,19,20,24,35,37,38,41,45,56,65,88,89,95,144,156,178,184,189,225,228,229,234,245,262,272,276,279,290,302,303,307,308,329,337,341,349,351,380,390,392,393,394,398,415,448,474,510,651,652,653,654,655,656,657,762,763,764,765,766,767,769,773,787,962,1049,1050,1051,1052,1053,1054,1057,1058,1059,1146,1228,1229,
62;1;6059;6125;1;4,7,8,15,19,20,24,35,37,38,41,45,56,65,88,89,95,144,156,178,184,189,225,228,229,234,245,262,272,276,279,290,302,303,307,308,329,337,341,349,351,380,390,392,393,394,398,415,448,474,510,651,652,653,654,655,656,657,762,763,764,765,766,767,769,773,787,962,1049,1050,1051,1052,1053,1054,1057,1058,1059,1146,1228,1229,
107;0;6125;6155;1;7,8,15,19,20,24,26,35,37,38,41,45,56,61,65,95,144,156,178,184,189,225,262,272,279,290,302,303,307,308,329,337,341,349,351,380,390,392,393,394,398,415,428,448,474,529,652,656,787,962,1049,1050,1051,1052,1053,1054,1057,1059,1263,1268,1270,1275,1277,1279,1281,1288,1293,1294,1322,1323,1324,1325,1326,1327,1328,1329,1330,1331,1332,1333,
27;0;6155;6244;1;7,8,15,19,20,24,26,35,37,38,41,45,56,61,65,91,95,101,144,156,178,184,189,225,262,272,279,290,299,302,303,307,308,329,330,334,335,336,337,338,339,340,341,342,343,344,345,346,347,348,349,350,351,352,353,380,390,392,393,394,398,415,428,448,474,529,652,656,787,962,1049,1050,1051,1052,1053,1054,1057,1059,1263,1268,
119;1;6244;6317;0;7,8,15,16,17,19,20,24,26,34,35,37,38,41,45,46,49,52,56,59,61,65,70,91,95,110,111,144,156,178,184,189,225,262,272,279,280,302,303,307,308,329,330,380,390,392,393,394,398,415,428,448,460,474,627,635,652,656,659,787,956,962,1013,1049,1050,1051,1052,1053,1054,1057,1059,1238,1239,1240,1241,1242,1243,1244,1245,1263,
42;0;6317;6429;1;7,8,15,16,17,19,20,24,25,26,34,35,36,37,38,39,41,42,45,46,49,52,55,56,59,61,70,95,110,111,156,178,184,189,225,279,280,302,329,330,380,390,392,393,394,398,415,421,422,423,424,425,426,427,428,460,474,627,635,656,659,787,956,1013,1049,1050,1051,1052,1053,1054,1057,1059,1238,1239,1240,1241,1242,1243,1244,1245,
71;0;6429;6480;1;7,8,15,16,17,19,20,21,24,25,26,34,35,36,37,38,41,45,46,49,52,55,56,57,59,60,61,66,70,72,95,110,111,156,178,184,189,225,280,302,329,330,380,390,392,393,394,398,427,460,627,635,659,787,882,883,884,885,886,887,888,889,956,1013,1049,1050,1051,1052,1053,1054,1057,1059,1238,1239,1240,1241,1242,1243,1244,1245,
119;0;6480;6484;0;7,8,15,16,17,19,20,21,24,25,26,34,35,36,37,38,41,45,46,49,52,55,56,57,59,60,61,66,70,72,95,110,111,156,178,184,189,225,280,302,329,330,380,390,392,393,394,398,427,460,627,635,659,787,882,883,884,885,886,887,888,889,956,1013,1049,1050,1051,1052,1053,1054,1057,1059,1238,1239,1240,1241,1242,1243,1244,1245,
33;0;6484;6525;1;7,8,15,16,17,19,20,21,24,25,26,34,35,36,37,38,41,45,46,49,52,55,56,57,59,60,61,66,70,72,95,110,111,156,178,184,189,225,280,302,329,330,380,390,392,393,394,398,427,460,627,635,659,787,882,883,884,885,886,887,888,889,956,1013,1049,1050,1051,1052,1053,1054,1057,1059,1238,1239,1240,1241,1242,1243,1244,1245,
14;1;7200;7269;1;15,16,17,18,19,20,21,24,25,26,34,35,36,37,38,41,45,46,49,52,54,55,56,57,58,59,60,61,66,70,72,95,110,111,156,178,184,189,206,225,280,302,329,330,380,390,392,394,427,460,502,519,554,577,597,604,627,635,659,787,803,882,887,1052,1053,1185,1238,1239,1240,1241,1242,1245,1253,1254,1255,1256,1257,1258,1259,1260,
8;0;7269;7344;1;15,16,17,18,19,20,21,24,25,26,34,35,36,37,38,41,45,46,49,52,54,55,56,57,58,59,60,61,66,70,72,95,110,111,156,178,184,189,206,225,280,302,329,330,331,332,333,380,390,427,460,502,519,554,577,597,604,627,635,659,787,803,882,887,1052,1185,1238,1239,1240,1241,1242,1245,1253,1254,1255,1256,1257,1258,1259,1260,
127;0;7344;7406;0;15,16,17,18,19,20,21,24,25,26,34,35,36,37,38,41,45,46,49,52,54,55,56,57,58,59,60,61,66,70,72,95,110,111,156,178,184,189,206,225,247,248,249,250,251,280,302,380,390,427,460,502,519,554,577,597,604,627,635,659,787,803,882,887,1052,1185,1238,1239,1240,1241,1242,1245,1253,1254,1255,1256,1257,1258,1259,1260,
14;0;7406;7536;1;15,16,17,18,19,20,21,24,25,26,34,35,36,37,38,41,45,46,49,52,54,55,56,57,58,59,60,61,66,70,72,95,110,111,156,178,184,189,206,225,247,248,249,250,251,280,302,380,390,427,460,502,519,554,577,597,604,627,635,659,787,803,882,887,1052,1185,1238,1239,1240,1241,1242,1245,1253,1254,1255,1256,1257,1258,1259,1260,
6;0;7536;7551;1;15,16,17,18,19,20,21,24,25,26,34,35,36,37,38,41,45,46,49,52,54,55,56,57,58,59,60,61,66,70,72,95,110,111,156,178,184,189,206,225,247,248,249,250,251,280,302,380,390,427,460,502,519,554,577,597,604,627,635,658,659,660,661,787,803,882,887,1052,1185,1238,1239,1240,1241,1242,1245,1253,1254,1255,1256,1257,
150;1;7551;7656;0;15,16,17,18,19,20,21,22,23,24,25,26,34,35,36,37,38,41,43,45,46,49,50,52,54,55,56,57,58,59,60,61,66,70,72,95,110,111,156,157,178,184,189,206,225,247,248,249,250,251,280,302,380,390,427,460,502,519,540,554,577,597,604,627,635,658,659,755,756,757,758,759,760,761,787,803,882,887,1052,1185,
59;1;7656;7712;1;15,16,17,18,19,20,21,22,23,24,25,26,34,35,36,37,38,41,43,45,46,49,50,52,54,55,56,57,58,59,60,61,66,70,72,76,95,110,111,156,157,178,184,185,186,187,188,189,190,191,192,193,194,195,196,197,198,206,225,249,251,280,302,380,390,427,460,502,519,540,554,577,597,627,635,755,882,887,1052,1185,
140;0;7712;7787;0;15,16,17,18,19,20,21,22,23,24,25,26,30,34,35,36,37,38,41,43,45,46,49,50,52,54,55,56,57,58,59,60,61,66,70,72,74,76,95,110,111,156,157,178,184,185,186,187,189,190,198,206,225,249,251,280,302,380,390,427,460,496,502,519,540,554,577,579,597,627,635,755,882,887,1052,1141,1155,1156,1185,1213,
104;1;7787;7821;1;15,16,17,18,19,20,21,22,23,24,25,26,28,30,34,35,36,37,38,40,41,43,45,46,49,50,52,54,55,56,57,58,59,60,61,66,70,72,74,76,95,110,111,178,184,185,189,190,198,206,225,249,251,280,302,380,390,427,449,460,485,490,496,502,519,540,554,576,577,597,627,635,662,882,887,1052,1141,1155,1156,1185,
144;0;7821;7833;0;15,16,17,18,19,20,21,22,23,24,25,26,28,30,34,35,36,37,38,40,41,43,45,46,49,50,52,54,55,56,57,58,59,60,61,66,70,72,74,76,95,110,111,178,184,185,189,190,198,206,225,249,251,280,302,380,390,427,449,460,485,490,496,502,519,540,554,576,597,627,635,662,882,887,1052,1075,1141,1155,1156,1185,
3;0;7833;7981;1;15,16,17,18,19,20,21,22,23,24,25,26,28,30,34,35,36,37,38,40,41,43,45,46,49,50,52,54,55,56,57,58,59,60,61,66,70,74,76,110,111,116,118,119,120,121,122,123,124,125,126,127,128,129,130,131,132,133,134,178,184,185,198,206,225,280,302,380,449,460,485,490,496,576,635,662,1075,1141,1155,1156,
104;0;7981;8151;1;15,16,17,18,19,20,21,22,23,24,25,26,28,30,34,35,36,37,38,40,41,43,45,46,49,50,52,54,55,56,57,58,59,60,61,66,70,74,76,110,111,116,118,119,120,121,122,123,124,125,126,127,128,129,130,131,132,133,134,178,184,185,198,206,225,280,302,380,449,460,485,490,496,576,635,662,1075,1141,1155,1156,
Machine: 1
90;0;0;97;1;15,16,17,18,19,20,21,22,23,24,25,26,28,30,34,35,36,37,38,40,41,43,44,45,46,49,50,52,54,55,56,57,58,59,60,61,74,76,110,111,116,118,119,178,184,198,206,225,280,302,380,412,417,449,452,453,454,455,456,457,458,459,460,461,462,463,464,465,466,467,468,469,470,496,635,662,1075,1141,1155,1156,
112;0;97;187;1;15,16,17,18,19,20,21,22,23,24,25,26,27,28,29,30,31,32,33,34,35,36,37,38,40,41,43,44,45,46,49,50,52,54,55,56,57,58,59,60,61,74,76,110,111,116,118,119,178,184,198,206,225,280,302,380,412,417,449,452,453,454,455,456,457,458,459,460,461,462,463,464,469,496,635,662,1075,1141,1155,1156,
18;1;187;288;1;15,16,17,18,19,20,21,22,23,24,25,26,27,28,29,30,32,33,34,35,36,37,38,39,40,41,42,43,44,45,46,48,49,50,51,52,53,54,55,56,57,58,59,60,61,74,76,110,111,112,113,114,115,116,117,118,119,178,184,198,206,225,280,302,380,412,417,449,452,456,458,460,469,496,635,662,1075,1141,1155,1156,
68;1;288;411;1;15,16,17,18,19,20,21,22,23,24,25,26,27,28,29,30,32,33,34,35,36,37,38,39,40,41,42,43,44,45,46,48,49,50,51,52,53,54,55,56,57,58,59,60,61,74,76,110,111,112,113,114,115,116,117,118,119,178,184,206,225,280,302,380,412,417,449,452,456,458,460,469,496,635,662,881,1075,1141,1155,1156,
99;0;411;452;1;15,16,17,18,19,20,21,22,23,24,25,26,27,28,29,30,32,33,34,35,36,37,38,39,40,41,42,43,44,45,46,48,49,50,51,52,53,54,55,56,57,58,59,60,61,74,76,110,111,112,113,114,178,184,206,225,280,302,364,380,412,417,449,456,460,469,476,496,504,635,662,722,723,724,725,881,1075,1141,1155,1156,
30;0;452;546;1;15,16,17,18,19,20,21,22,23,24,25,26,27,28,29,30,32,33,34,35,36,37,38,39,40,41,42,43,44,45,46,48,49,50,51,52,53,54,55,56,57,58,59,60,61,74,76,110,111,178,184,206,225,280,302,364,380,415,449,456,460,471,472,473,474,475,476,477,496,504,635,662,722,723,881,1075,1141,1155,1156,1157,
26;0;546;703;1;15,16,17,18,19,20,21,22,23,24,25,26,27,28,29,30,32,33,34,35,36,37,38,39,40,41,42,43,44,45,46,48,49,50,51,52,53,54,55,56,57,58,59,60,61,74,76,110,111,178,184,206,225,280,302,364,380,415,449,456,460,471,472,473,474,475,476,477,496,504,635,662,722,723,881,1075,1141,1155,1156,1157,
57;0;703;718;1;15,16,17,18,19,20,21,22,23,24,25,26,27,28,29,30,32,33,34,35,36,37,38,39,40,41,42,43,44,45,46,48,49,50,51,52,53,54,55,56,57,58,59,60,61,74,76,110,111,178,184,206,225,280,302,364,380,415,449,456,460,471,474,476,477,496,504,556,635,662,722,723,881,968,969,1075,1141,1155,1156,1157,
48;0;718;869;1;15,16,17,18,19,20,21,22,23,24,25,26,27,28,29,30,32,33,34,35,36,37,38,39,40,41,42,43,44,45,46,48,49,50,51,52,53,54,55,56,57,58,59,60,61,74,76,110,111,178,184,206,225,280,302,364,380,449,476,477,496,635,637,656,662,722,881,1063,1075,1141,1155,1156,1157,1246,1247,1248,1249,1250,1251,1252,
144;1;869;901;0;15,16,17,18,19,20,21,22,23,24,25,26,27,28,29,30,32,33,34,35,36,37,38,39,40,41,42,43,44,45,46,48,49,50,51,52,53,54,55,56,57,58,59,60,61,74,76,110,111,178,184,206,225,280,302,364,380,449,476,477,496,635,637,656,662,722,881,1063,1075,1141,1155,1156,1157,1246,1247,1248,1249,1250,1251,1252,
48;1;901;1055;1;15,16,17,18,19,20,21,22,23,24,25,26,27,28,29,30,32,33,34,35,36,37,38,39,40,41,42,43,44,45,46,48,49,50,51,52,53,54,55,56,57,58,59,60,61,74,76,110,111,178,184,206,225,280,302,364,380,449,476,477,496,635,637,656,662,722,881,1063,1075,1141,1155,1156,1157,1246,1247,1248,1249,1250,1251,1252,
68;0;1055;1186;1;15,16,17,18,19,20,21,22,23,24,25,26,27,28,29,30,32,33,34,35,36,37,38,39,40,41,42,43,44,45,46,48,49,50,51,52,53,54,55,56,57,58,59,60,61,74,76,110,111,178,184,206,225,280,302,364,380,449,476,477,496,635,637,656,662,722,881,1063,1075,1141,1155,1156,1157,1246,1247,1248,1249,1250,1251,1252,
87;1;1440;1519;1;15,16,17,18,19,20,21,22,23,24,25,26,27,28,29,30,32,33,34,35,36,37,38,39,40,41,42,43,44,45,46,48,49,50,51,52,53,54,55,56,57,58,59,60,61,74,76,110,111,178,184,206,225,280,302,364,380,449,476,477,496,635,637,656,662,722,881,1063,1075,1141,1155,1156,1157,1160,1161,1162,1246,1247,1248,1249,
11;0;1519;1533;1;15,16,17,18,19,20,21,22,23,24,25,26,27,28,29,30,32,33,34,35,36,37,38,39,40,41,42,43,44,45,46,48,49,50,51,52,53,54,55,56,57,58,59,60,61,68,74,76,77,78,79,80,81,82,83,84,85,110,111,178,184,225,280,302,364,380,449,476,477,496,635,637,1063,1141,1155,1156,1157,1160,1161,1162,
87;0;1533;1636;1;15,16,17,18,19,20,21,22,23,24,25,26,27,28,29,30,32,33,34,35,36,37,38,39,40,41,42,43,44,45,46,48,49,50,51,52,53,54,55,56,57,58,59,60,61,68,74,76,77,78,79,80,81,82,83,84,85,110,111,178,184,225,280,302,364,380,449,476,477,496,635,637,1063,1141,1155,1156,1157,1160,1161,1162,
25;1;1636;1725;1;15,16,17,18,19,20,21,22,23,24,25,26,27,28,29,30,32,34,35,36,37,38,39,40,41,42,43,44,45,46,48,49,50,51,52,53,54,55,56,57,58,59,60,61,68,74,76,77,79,81,82,83,85,110,111,178,184,203,225,278,279,280,281,282,302,364,380,449,476,477,496,635,637,1063,1141,1155,1156,1157,1160,1162,
63;0;1725;1850;1;15,16,17,18,19,20,21,22,23,24,25,26,27,28,29,30,34,35,36,37,38,39,40,41,42,43,44,45,46,48,49,50,51,52,53,54,55,56,57,58,59,60,61,68,74,76,77,81,82,83,85,110,111,178,184,203,225,280,282,302,364,380,449,476,477,496,635,637,977,1011,1063,1141,1155,1156,1157,1160,1162,1425,1426,1427,
132;1;1850;1865;0;15,16,17,18,19,20,21,22,23,24,25,26,27,28,29,30,34,35,36,37,38,39,40,41,42,43,44,45,46,48,49,50,51,52,53,54,55,56,57,58,59,60,61,68,74,76,77,81,82,83,85,110,111,178,184,203,225,280,282,302,364,380,449,476,477,496,635,637,977,1011,1063,1141,1155,1156,1157,1160,1162,1425,1426,1427,
45;1;1865;1954;1;15,16,17,18,19,20,21,22,23,24,25,26,27,28,29,30,34,35,36,37,38,39,40,41,42,43,44,45,46,47,48,49,50,51,52,53,54,55,56,57,58,59,60,61,62,63,64,65,66,67,68,69,70,71,72,73,74,75,76,77,85,178,184,225,302,364,380,449,476,477,496,635,637,1011,1141,1155,1156,1157,1160,1162,
5;0;1954;1968;1;15,16,17,18,19,20,21,22,23,24,25,26,27,28,29,30,34,35,36,37,38,39,40,41,42,43,44,45,46,47,48,49,50,51,52,53,54,55,56,57,58,59,60,61,62,63,66,68,70,72,74,76,77,85,144,178,184,225,262,272,302,307,313,364,380,449,476,477,496,595,635,637,1011,1141,1155,1156,1157,1160,1162,1424,
64;0;1968;2122;1;15,16,17,18,19,20,21,22,23,24,25,26,27,28,29,30,34,35,36,37,38,39,40,41,42,43,44,45,46,47,48,49,50,51,52,53,54,55,56,57,58,59,60,61,66,68,70,72,74,76,77,85,144,178,184,225,262,272,302,307,313,364,380,449,476,477,496,595,635,637,1011,1141,1155,1156,1157,1160,1162,1334,1335,1424,
109;0;2122;2262;1;15,16,17,18,19,20,21,22,23,24,25,26,27,28,29,30,34,35,36,37,38,39,40,41,42,43,44,45,46,48,49,50,51,52,53,54,55,56,57,58,59,60,61,66,68,72,74,76,77,85,144,152,178,184,225,262,302,307,364,380,449,476,477,496,595,635,637,962,1011,1085,1141,1143,1155,1156,1157,1160,1162,1334,1335,1424,
26;1;2262;2413;1;15,16,17,18,19,20,21,22,23,24,25,26,27,28,29,30,34,35,36,37,38,39,40,41,42,43,44,45,46,48,49,50,51,52,53,54,55,56,57,58,59,60,61,66,68,72,74,76,77,85,144,152,178,184,225,262,302,307,364,380,449,476,477,496,595,635,637,962,1011,1085,1141,1143,1155,1156,1157,1160,1162,1334,1335,1424,
124;0;2413;2465;0;15,16,17,18,19,20,21,22,23,24,25,26,27,28,29,30,34,35,36,37,38,39,40,41,42,43,44,45,46,48,49,50,51,52,53,54,55,56,57,58,59,60,61,66,68,72,74,76,77,85,144,152,178,184,225,262,302,307,364,380,449,476,477,496,595,635,637,962,1011,1085,1141,1143,1155,1156,1157,1160,1162,1334,1335,1424,
56;0;2880;2983;1;15,16,17,18,19,20,21,22,23,24,25,26,27,28,29,30,34,35,36,37,38,39,40,41,42,43,44,45,46,48,49,50,51,52,53,54,55,56,57,58,59,60,61,66,68,72,74,76,77,85,144,152,178,184,225,262,302,307,364,380,449,476,477,496,595,635,637,954,962,1011,1085,1141,1143,1155,1157,1160,1162,1334,1335,1424,
121;0;2983;3112;0;15,16,17,18,19,20,21,22,23,24,25,26,27,28,29,30,34,35,36,37,38,39,40,41,42,43,44,45,46,48,49,50,51,52,53,54,55,56,57,58,59,60,61,66,68,72,74,76,77,85,144,178,184,225,262,302,307,364,380,449,476,496,595,635,637,652,962,1011,1085,1141,1143,1157,1160,1162,1263,1264,1265,1334,1335,1424,
28;0;3112;3178;1;15,16,17,18,19,20,21,22,23,24,25,26,27,28,29,30,34,35,36,37,38,39,40,41,42,43,44,45,46,48,49,50,51,52,53,54,55,56,57,58,59,60,61,66,68,72,74,76,77,85,144,178,179,184,225,262,302,307,364,380,381,449,476,496,592,594,595,635,962,1011,1085,1141,1143,1157,1160,1162,1334,1335,1416,1424,
74;0;3178;3306;1;15,16,17,18,19,20,21,22,23,24,25,26,27,28,29,30,34,35,36,37,38,39,40,41,42,43,44,45,46,48,49,50,51,52,53,54,55,56,57,58,59,60,61,66,68,72,74,76,77,85,128,144,178,179,184,225,262,302,307,364,380,381,418,419,420,449,476,592,635,962,1011,1085,1141,1143,1157,1160,1162,1334,1335,1416,
64;1;3306;3389;1;15,16,17,18,19,20,21,22,23,24,25,26,27,28,29,30,34,35,36,37,38,39,40,41,42,43,44,45,46,48,49,50,51,52,53,54,55,56,57,58,59,60,61,66,68,72,74,76,77,85,128,144,178,179,184,225,262,302,307,364,380,381,418,419,420,449,476,592,635,962,1011,1085,1141,1143,1157,1160,1162,1334,1335,1416,
129;1;3389;3484;0;15,16,17,18,19,20,21,22,23,24,25,26,27,28,29,30,34,35,36,37,38,39,40,41,42,43,44,45,46,48,49,50,51,52,53,54,55,56,57,58,59,60,61,66,68,72,74,76,77,85,128,144,178,179,184,225,262,302,307,364,380,381,418,419,420,421,425,449,476,592,635,962,1011,1085,1141,1143,1157,1261,1262,1416,
108;0;3484;3506;1;15,16,17,18,19,20,21,22,23,24,25,26,27,28,29,30,34,35,36,37,38,39,40,41,42,43,44,45,46,48,49,50,51,52,53,54,55,56,57,58,59,60,61,66,68,72,74,76,77,85,144,178,179,184,225,262,302,307,364,421,425,427,449,476,485,578,592,635,864,865,866,867,868,962,1011,1085,1141,1143,1157,1416,
81;0;3506;3650;1;15,16,17,18,19,20,21,22,23,24,25,26,27,28,29,34,35,36,37,38,39,40,41,42,43,44,45,46,48,49,50,51,52,53,54,55,56,57,58,59,60,61,66,68,72,74,76,77,85,144,178,179,184,225,262,302,307,364,421,448,449,476,485,592,635,722,1011,1083,1084,1085,1086,1087,1088,1089,1090,1091,1141,1143,1157,1416,
138;0;4320;4332;0;15,16,17,18,19,20,21,22,23,24,25,26,27,28,29,34,35,36,37,38,39,40,41,42,43,44,45,46,48,49,50,51,52,53,54,55,56,57,58,59,60,61,66,68,72,74,76,77,85,144,178,179,184,225,262,302,307,364,421,448,449,476,485,592,635,722,1011,1083,1084,1085,1086,1087,1088,1089,1090,1141,1143,1157,1158,1416,
39;1;4332;4427;1;15,16,17,18,19,20,21,22,23,24,25,26,27,28,29,34,35,36,37,38,39,40,41,42,43,44,45,46,48,49,50,51,52,53,54,55,56,57,58,59,60,61,66,68,72,74,76,77,85,126,144,178,179,184,225,262,302,307,364,421,448,449,476,485,592,635,662,722,1011,1083,1085,1088,1089,1138,1139,1140,1141,1142,1157,1416,
0;0;4427;4431;1;15,16,17,18,19,20,21,22,23,24,25,26,27,28,29,34,35,36,37,38,39,40,41,42,43,44,45,46,48,49,50,51,52,53,54,55,56,57,58,59,60,61,66,68,72,74,76,77,85,126,144,178,179,184,225,262,302,307,364,421,448,449,476,485,592,635,662,722,1011,1083,1085,1088,1089,1138,1139,1140,1141,1142,1157,1416,
36;1;4431;4484;1;15,16,17,18,19,20,21,22,23,24,25,26,27,28,29,34,35,36,37,38,39,40,41,42,43,44,45,46,48,49,50,51,52,53,54,55,56,57,58,59,60,61,66,68,72,74,76,77,85,126,144,178,179,184,225,262,302,307,364,421,448,449,476,485,592,635,662,722,1011,1085,1088,1089,1138,1139,1140,1141,1142,1179,1180,1416,
95;0;4484;4504;1;15,16,17,18,19,20,22,24,25,26,27,28,29,34,35,36,37,38,39,40,41,42,43,44,45,46,48,50,51,52,53,54,55,56,57,60,66,68,72,76,77,85,126,144,178,179,184,225,262,302,307,364,421,448,449,460,476,485,487,488,489,490,491,492,493,592,635,662,722,1011,1085,1089,1138,1139,1140,1141,1142,1179,1180,1416,
39;0;4504;4564;1;15,16,17,18,19,20,22,24,25,26,27,28,29,34,35,36,37,38,39,40,41,42,43,44,45,46,48,50,51,52,53,54,55,56,57,60,66,68,72,76,77,85,126,144,178,179,184,225,262,302,307,364,421,448,449,460,476,485,487,488,489,490,491,492,493,592,635,662,722,1011,1085,1089,1138,1139,1140,1141,1142,1179,1180,1416,
36;0;4564;4608;1;15,16,17,18,19,20,22,24,25,26,27,28,29,34,35,36,37,38,39,40,41,42,43,44,45,46,48,50,51,52,53,54,55,56,57,60,66,68,72,76,77,85,126,144,178,179,184,225,262,302,307,364,421,448,449,460,476,485,487,488,489,490,491,492,493,592,635,662,722,1011,1085,1089,1138,1139,1140,1141,1142,1179,1180,1416,
145;1;4608;4661;0;15,16,17,18,19,20,22,24,25,26,27,28,29,34,35,36,37,38,39,40,41,42,43,44,45,46,48,50,51,52,53,54,55,56,57,60,66,68,72,76,77,85,126,144,177,178,179,180,181,182,183,184,225,262,302,303,304,307,364,421,448,449,460,476,485,487,488,489,490,491,493,592,635,662,722,1011,1085,1089,1142,1416,
47;0;4661;4697;1;15,16,17,18,19,20,22,24,25,26,27,28,29,34,35,36,37,38,39,40,41,42,43,44,45,46,48,50,51,52,53,54,55,56,57,60,66,68,72,76,77,85,144,177,178,179,180,181,182,183,184,225,262,302,303,304,307,364,408,415,448,449,476,478,479,480,481,482,483,484,485,486,592,635,662,722,1011,1089,1142,1416,
24;0;4697;4737;1;15,16,17,18,19,20,22,24,25,26,27,28,29,34,35,36,37,38,39,40,41,42,43,44,45,46,48,50,51,52,53,54,55,56,57,60,66,68,72,76,77,85,144,177,178,179,180,181,182,183,184,225,262,302,303,304,307,364,408,415,448,449,450,476,478,479,480,483,485,592,635,662,722,965,966,967,1011,1089,1142,1416,
79;0;4737;4852;1;15,16,17,18,19,20,24,25,26,27,28,29,34,35,36,37,38,39,40,41,42,43,44,45,46,48,51,52,53,54,55,56,60,68,72,76,77,85,144,170,177,178,179,180,181,182,183,184,225,246,251,262,302,303,304,307,364,408,415,448,449,450,476,592,635,662,722,875,882,887,1011,1089,1142,1416,1418,1419,1420,1421,1422,1423,
58;0;4852;4901;1;15,16,17,18,19,20,24,25,26,27,28,29,34,35,36,37,38,39,40,41,42,43,44,45,46,48,51,52,53,54,55,56,60,68,72,76,77,85,144,170,177,178,179,180,181,182,183,184,225,246,251,262,302,303,304,307,364,408,415,448,449,450,476,592,635,662,722,875,882,887,1011,1089,1142,1416,1418,1419,1420,1421,1422,1423,
4;0;4901;4905;1;15,16,17,18,19,20,24,25,26,28,29,34,35,36,37,38,39,40,41,42,43,44,45,46,48,51,52,53,54,55,56,60,72,85,144,177,178,179,180,181,182,183,184,189,206,225,246,262,302,303,304,307,364,408,415,448,449,450,476,592,635,662,722,871,1011,1089,1142,1181,1182,1183,1184,1185,1186,1187,1188,1189,1190,1191,1192,1416,
4;1;4905;5026;1;15,16,17,18,19,20,24,25,26,28,29,34,35,36,37,38,39,40,41,42,43,44,45,46,48,51,52,53,54,55,56,60,72,85,144,177,178,179,180,181,182,183,184,189,206,225,246,262,302,303,304,307,364,408,415,448,449,450,476,592,635,662,722,871,1011,1089,1142,1181,1182,1183,1184,1185,1186,1187,1188,1189,1190,1191,1192,1416,
37;0;5026;5174;1;15,16,17,18,19,20,24,25,26,28,29,34,35,36,37,38,39,40,41,42,43,44,45,46,48,51,52,53,54,55,56,60,72,85,144,177,178,179,180,181,182,183,184,189,206,225,246,262,286,302,303,304,307,308,312,315,323,364,408,415,448,449,450,476,592,635,662,722,871,1011,1089,1142,1181,1182,1183,1184,1185,1186,1416,1417,
65;1;5174;5283;1;15,16,17,18,19,20,24,25,26,28,29,34,35,36,37,38,39,40,41,42,43,44,45,46,48,51,52,53,54,55,56,60,72,85,144,177,178,179,180,181,182,183,184,189,206,225,246,262,286,302,303,304,307,308,312,315,323,364,408,415,448,449,450,476,592,635,662,722,871,1011,1089,1142,1181,1182,1183,1184,1185,1186,1416,1417,
145;0;5283;5347;0;15,16,17,18,19,20,24,25,26,28,29,34,35,36,37,38,39,40,41,42,43,44,45,46,48,51,52,53,54,55,56,60,72,85,144,177,178,179,180,181,182,183,184,189,206,225,246,262,286,302,303,304,307,308,312,315,323,364,408,415,448,449,450,476,592,635,662,722,871,1011,1089,1142,1181,1182,1183,1184,1185,1186,1416,1417,
142;1;5760;5840;0;15,16,17,18,19,20,24,25,26,28,29,34,35,36,37,38,39,40,41,42,43,44,45,46,48,51,52,53,54,55,56,60,72,85,144,177,178,179,180,181,182,183,184,189,206,225,246,262,286,302,303,304,307,308,312,315,323,364,408,415,448,449,450,476,592,632,635,653,662,722,869,870,871,1011,1089,1142,1181,1182,1183,1185,
1;1;5840;6000;1;15,16,17,18,19,20,24,25,26,28,29,34,36,37,38,41,45,46,52,53,54,55,56,60,86,87,88,89,90,91,92,93,94,95,96,97,98,99,100,101,102,103,104,105,106,107,108,109,144,177,178,179,181,184,189,206,225,246,262,302,303,304,307,308,312,315,364,408,415,448,449,450,476,592,635,662,722,871,1089,1142,
1;0;6000;6030;1;15,16,17,18,19,20,24,25,26,28,29,34,36,37,38,41,45,46,52,53,54,55,56,60,86,87,88,89,90,91,92,93,94,95,96,97,98,99,100,101,102,103,104,105,106,107,108,109,144,177,178,179,181,184,189,206,225,246,262,302,303,304,307,308,312,315,364,408,415,448,449,450,476,592,635,662,722,871,1089,1142,
99;1;6030;6087;1;15,16,17,18,19,20,24,25,26,28,29,34,36,37,38,41,45,46,52,53,54,55,56,60,86,87,88,89,90,91,92,93,94,95,96,97,98,99,100,101,102,103,104,105,144,177,178,179,181,184,189,206,225,246,262,302,303,304,307,308,312,315,364,408,415,448,449,450,476,504,592,635,662,722,723,724,725,871,1089,1142,
115;0;6087;6165;1;15,16,17,19,20,24,25,26,28,29,34,36,37,38,41,45,46,52,53,54,55,56,60,87,88,89,90,95,97,103,144,177,178,179,181,184,189,206,225,246,262,282,302,303,304,307,308,312,315,408,415,422,448,449,450,469,502,592,627,628,635,871,968,1089,1142,1307,1382,1383,1384,1385,1386,1387,1388,1389,1390,1391,1392,1393,1394,1395,
66;0;6165;6181;1;15,16,17,19,20,24,25,26,28,29,34,36,37,38,41,45,46,52,53,54,55,56,60,87,88,89,90,95,97,103,144,177,178,179,181,184,189,206,225,246,262,282,302,303,304,307,308,312,315,359,406,407,408,409,410,411,412,413,414,415,416,417,422,448,449,450,469,502,592,627,628,635,871,968,1089,1142,1307,1382,1383,1384,
66;1;6181;6312;1;15,16,17,19,20,24,25,26,28,29,34,36,37,38,41,45,46,52,53,54,55,56,60,87,88,89,90,95,97,103,144,177,178,179,181,184,189,206,225,246,262,282,302,303,304,307,308,312,315,359,406,407,408,409,410,411,412,413,414,415,416,417,422,448,449,450,469,502,592,627,628,635,871,968,1089,1142,1307,1382,1383,1384,
92;0;6312;6348;1;4,15,16,17,19,20,24,25,26,28,29,34,36,37,38,41,45,46,52,53,54,55,56,60,87,88,89,90,95,97,103,135,144,177,178,179,181,184,189,206,225,246,262,302,303,304,307,308,312,315,359,390,394,409,412,422,448,449,450,502,592,628,635,644,769,871,1052,1053,1089,1142,1159,1230,1231,1232,1233,1234,1235,1236,1237,1307,
105;1;6348;6438;1;4,15,16,17,19,20,24,25,26,28,29,34,36,37,38,41,45,46,52,53,54,55,56,60,87,88,89,90,95,97,103,135,144,177,178,179,181,184,189,206,225,246,262,302,303,304,307,308,312,315,390,394,409,412,422,448,449,450,502,592,628,635,644,769,871,1039,1052,1053,1089,1142,1159,1230,1231,1232,1233,1234,1235,1236,1237,1380,
70;0;6438;6594;1;4,15,16,17,19,20,24,25,26,28,29,34,36,37,38,41,45,46,52,53,54,55,56,60,87,88,89,90,95,103,135,144,177,178,179,181,184,189,206,225,246,262,302,303,304,307,308,312,315,390,394,422,448,449,450,502,628,635,644,769,871,872,873,874,972,1052,1053,1089,1142,1159,1230,1231,1232,1233,1234,1235,1236,1237,1456,1457,
116;1;6594;6723;1;4,15,16,17,19,20,24,25,26,28,29,34,36,37,38,41,45,46,52,53,54,55,56,60,87,88,89,90,95,103,135,144,177,178,179,181,184,189,206,225,246,262,302,303,304,307,308,312,315,390,394,422,448,449,450,502,628,635,644,769,871,872,873,874,972,1052,1053,1089,1142,1159,1230,1231,1232,1233,1234,1235,1236,1237,1456,1457,
125;0;6723;6887;0;4,15,16,17,19,20,24,25,26,28,29,34,36,37,38,41,45,46,52,53,54,55,56,60,87,88,89,90,95,103,135,144,177,178,179,181,184,189,206,225,246,262,302,303,304,307,308,312,315,390,394,422,448,449,450,502,628,635,644,769,871,872,873,874,972,1052,1053,1089,1142,1159,1230,1231,1232,1233,1234,1235,1236,1237,1456,1457,
92;1;6887;6976;1;4,15,16,17,19,20,24,25,26,28,29,34,36,37,38,41,45,46,52,53,54,55,56,60,87,88,89,90,95,103,135,144,177,178,179,181,184,189,206,225,246,262,302,303,304,307,308,312,315,390,394,422,448,449,450,502,628,635,644,769,871,872,873,874,972,1052,1053,1089,1142,1159,1230,1231,1232,1233,1234,1235,1236,1237,1456,1457,
116;0;6976;7130;1;4,15,16,17,19,20,24,25,26,28,29,34,36,37,38,41,45,46,52,53,54,55,56,60,87,88,89,90,95,103,135,144,177,178,179,181,184,189,206,225,246,262,302,303,304,307,308,312,315,390,394,422,448,449,450,502,628,635,644,769,871,872,873,874,972,1052,1053,1089,1142,1159,1230,1231,1232,1233,1234,1235,1236,1237,1456,1457,
106;0;7200;7260;1;4,15,16,17,19,20,24,25,26,28,29,34,36,37,38,41,45,46,52,53,54,55,56,60,87,88,89,90,95,103,135,144,149,177,178,179,181,184,189,206,225,262,302,303,304,307,308,312,315,390,394,448,449,450,762,763,764,765,766,767,768,769,770,771,772,773,774,775,776,777,871,872,873,874,1052,1053,1142,1159,1231,1456,
44;0;7260;7311;1;4,15,16,17,19,20,24,25,28,34,36,37,41,45,46,52,53,87,88,89,90,95,103,135,144,149,177,178,181,206,225,226,227,228,229,230,231,232,233,234,235,236,237,238,239,240,241,242,243,244,245,262,302,303,304,307,308,312,315,390,394,448,449,450,762,763,764,765,766,767,768,769,770,771,772,773,1052,1053,1159,1231,
77;1;7311;7387;1;4,15,16,17,19,20,24,25,28,34,36,37,41,45,46,52,53,87,88,89,90,95,103,135,142,144,149,177,178,181,206,225,226,228,229,230,241,262,302,303,304,307,308,312,315,390,391,392,393,394,395,396,397,398,399,400,401,402,403,404,405,448,449,450,762,763,764,765,766,767,768,769,770,771,772,773,1052,1053,1159,1231,
93;1;7387;7560;1;15,16,17,19,20,24,25,28,34,36,37,41,45,46,52,53,87,88,89,90,95,103,135,144,149,177,178,181,206,262,276,302,303,304,307,308,312,315,390,393,394,395,399,448,449,450,715,762,763,764,765,766,767,768,769,770,771,772,773,833,835,844,863,1052,1053,1072,1159,1231,1442,1443,1444,1446,1448,1449,1450,1451,1453,1454,1455,1459,
82;0;7560;7592;1;15,16,17,19,20,24,25,28,34,37,41,52,53,87,88,89,90,95,103,135,144,149,178,181,206,262,276,302,303,304,307,308,312,315,390,393,395,448,449,450,715,762,763,764,765,766,767,768,769,770,771,772,773,833,834,835,844,854,863,1052,1053,1072,1159,1174,1214,1231,1442,1443,1444,1445,1446,1447,1448,1449,1450,1451,1452,1453,1454,1455,
83;1;7592;7711;1;15,16,17,19,20,24,25,28,34,37,41,52,53,87,88,89,90,95,103,135,144,149,178,181,206,262,276,302,303,304,307,308,312,315,390,393,395,448,449,450,715,762,763,764,765,766,767,768,769,770,771,772,773,831,833,834,835,836,844,854,855,862,863,944,945,946,947,948,949,950,951,952,953,1052,1053,1072,1159,1174,1214,1231,
22;1;7711;7761;1;15,16,17,19,20,24,25,28,34,37,41,52,53,89,95,135,144,178,181,199,200,201,202,203,204,205,206,207,208,209,210,211,212,213,214,215,216,217,218,219,220,221,222,223,224,262,276,302,303,304,307,308,312,315,390,393,395,448,449,450,715,764,765,766,769,770,831,833,834,835,836,844,854,855,948,949,1052,1053,1159,1231,
75;0;7761;7842;1;15,16,17,19,20,24,25,28,34,37,41,52,53,89,95,135,144,178,181,199,200,201,202,203,204,205,206,207,208,209,210,211,212,213,214,215,216,217,218,219,220,221,222,223,224,262,276,302,303,304,307,308,312,315,390,393,395,447,448,449,450,451,764,765,766,769,770,831,833,834,835,836,844,854,948,949,1052,1053,1159,1231,
61;0;7842;7847;1;15,16,17,19,20,24,34,37,41,52,53,95,135,144,178,181,199,200,201,202,203,204,205,206,207,208,209,210,211,212,213,214,215,216,217,218,219,220,221,222,223,224,262,267,285,287,288,289,302,303,304,305,306,307,308,309,310,311,312,313,314,315,316,317,318,319,320,326,327,328,390,393,395,854,948,949,1052,1053,1159,1231,
22;0;7847;7855;1;15,16,17,19,20,24,34,37,41,52,53,95,135,144,178,181,199,200,201,202,203,204,205,206,207,208,209,210,211,212,213,214,215,216,217,218,219,220,221,222,223,224,262,267,285,287,288,289,302,303,304,305,306,307,308,309,310,311,312,313,314,315,316,317,318,319,320,326,327,328,390,393,395,854,948,949,1052,1053,1159,1231,
12;0;7855;7890;1;15,16,17,19,20,24,34,37,41,52,53,95,135,144,178,181,199,200,201,202,203,204,205,206,207,208,209,210,211,212,213,214,215,216,217,218,222,262,267,285,287,288,289,302,303,304,305,306,307,308,309,310,311,312,313,314,315,316,317,318,319,320,321,322,323,324,325,326,327,328,390,393,395,854,948,949,1052,1053,1159,1231,
76;0;7890;7924;1;2,5,6,15,16,17,19,20,34,41,52,53,95,135,144,178,181,262,267,285,287,288,289,302,303,304,305,306,307,308,309,310,311,312,313,314,315,316,317,318,319,320,326,327,328,390,393,395,838,854,927,948,949,1050,1052,1053,1060,1159,1231,1358,1359,1360,1361,1362,1363,1364,1365,1366,1367,1368,1369,1370,1371,1372,1373,1374,1375,1376,1377,1378,
61;1;7924;8072;1;2,5,6,15,16,17,19,20,34,41,52,53,95,135,144,178,181,262,267,285,287,288,289,302,303,304,305,306,307,308,309,310,311,312,313,314,315,316,317,318,319,320,326,327,328,390,393,395,838,854,927,948,949,1050,1052,1053,1060,1159,1231,1358,1359,1360,1361,1362,1363,1364,1365,1366,1367,1368,1369,1370,1371,1372,1373,1374,1375,1376,1377,1378,
END;148;952;88;40;1408
TIME;860871
LOWERBOUND;19575
